1.727134320560002934e+00
9.662500905736469692e-01
9.041395233949149901e-01
4.163087963522938972e-01
1.703132014242532133e-01
4.337863245803122991e-01
4.204884142276794634e-01
8.458388040998054969e-01
3.612244936264294992e-01
3.423901937391852224e-01
9.061660502960779962e-01
6.751945096397832247e-01
9.807765044825554890e-01
8.069634122025816092e-01
7.300539271911364869e-01
3.709534159134277864e-01
3.649202217804470294e-02
2.461378804694569489e-01
3.132397542085462172e-01
4.515448141179886354e-01
3.940873112383421750e-01
3.558363115825136092e-03
3.034706344940957257e-01
9.516488416279704765e-01
3.699087530908145016e-01
5.106527506102116476e-01
5.931966880981642820e-02
6.493792492311477593e-01
6.198423096241062469e-01
2.637440864695195231e-03
4.722238343051382570e-01
9.204510413737010399e-02
3.834985891002837821e-01
5.277085948267710158e-01
7.349396207675106263e-01
5.798257516866801575e-01
8.681406964836130280e-01
3.973985120793254167e-01
6.278213056394645886e-01
8.618310321348350289e-01
5.802298424034357804e-02
9.323287883013868793e-01
4.042603908573116911e-02
3.895296802483683152e-01
-4.474169002011639407e+01
-1.222084457535984683e+02
-5.791708554363457040e+01
8.859746762233570161e-01
5.161776382489011716e-01
4.364763449923925176e-01
9.410947025538199950e-01
9.202897630711309729e-01
7.056769358715575535e-03
1.574306118971258162e-02
6.431220265419227422e-01
3.791622001685752696e-01
9.872359707592093248e-01
8.814189651913464374e-01
7.518876164582278809e-01
4.537738889609819193e-01
4.167913613121377869e-01
9.510238361038250154e-01
7.967736257948382361e-01
5.429006183699147670e-02
7.612008137909807015e-01
9.050036946005950433e-01
1.739335169670188641e-01
2.917932322942573542e-02
9.888090147144509290e-01
1.788185170001809210e-01
8.762653358392458181e-01
4.948366736914817654e-01
1.519258791746647130e-02
-2.151373621035488171e+01
-2.708577621463986729e-01
2.531711236845991531e-01
2.368848836941717106e-01
5.388506090313552876e-01
2.464260284273822599e-01
7.314917976551196244e-01
2.483474029491006263e-05
5.162898531939184021e-01
2.949976201257931141e-01
6.605543895102228280e-02
3.691876974349335150e-01
3.378812591396334053e-01
7.945044364578820462e-01
9.409707387233126052e-01
8.265211138150521109e-01
2.085515910131778838e-01
4.430919802658432882e-01
5.063500591169156628e-02
6.309489397675241973e-01
2.244250318107090525e-01
2.289902541961623683e-01
6.372036677021121198e-01
4.097019999677278257e-01
1.035530882781129813e+00
7.472915380133467522e+01
2.385911760962301571e+02
2.770087642599732476e+02
1.414477407872004449e+02
2.832253239019227209e+01
2.818710398701829156e-02
2.271092625080327609e-01
6.921092017193540835e-01
4.644622146623685888e-01
2.748778757257821503e-01
4.028292894673857205e-02
5.413642884190404958e-01
4.763805695316236655e-02
8.494699519666377707e-01
5.703157702389970440e-01
9.947555803534735563e-01
9.354057278412558629e-01
6.156680996356405089e-01
6.221846116661112758e-01
1.037521863825096036e-01
3.140383991447192047e-01
3.720563895106925312e-01
3.257271056131305631e-01
3.439708212996737124e-01
6.763297957392139237e-01
4.774223294670573159e-01
8.177526280339729725e-01
-7.074702733141479349e+00
2.151092600512144415e+01
-1.271181331022819307e+02
-5.252831500615009475e+01
-1.619526520778121039e+02
-2.627890354512410340e+02
-3.577326633526266733e+02
-5.648628391961053552e+01
1.545743981055294682e+02
2.096216916634751612e+02
1.272924830171367603e+02
2.030094648911083155e+01
2.270812990311315005e-01
4.748471198726457176e-01
6.608244353738116361e-01
4.893676841864904592e-01
9.341305865536836395e-01
7.691682244434334681e-01
1.650676710949152692e-01
6.502073599957968186e-01
7.773066072571327423e-01
3.505112810762613940e-01
4.383653810048092625e-01
9.484307297148886207e+00
2.395303676938102910e+01
6.617838125559885043e+01
7.929602968562919685e+00
1.669652831250255787e+01
-7.934524023057768716e+01
-1.486213104826673828e+02
-1.595403008456478915e+02
-1.607154559825678319e+01
-2.449172525056292216e+02
-1.784059685546972105e+02
-1.398873315789586513e+02
1.312899326924764978e+02
3.020667377454390135e+02
3.610165768581042016e+02
3.362165400382963298e+02
1.457509201569560560e+02
7.579417166306873233e-01
4.841629582362374506e-01
7.065600496968635902e-01
8.500238578818530844e-01
3.535688375547408890e-01
5.073001572145008353e-01
8.455241408803412240e-01
5.584684031843090146e-03
3.018868782972590203e-01
3.745514732100110322e-01
4.383546862217237106e+01
9.344653370687349536e+01
1.274744019304854987e+02
8.888804002600400622e+01
4.553847972419532986e-01
-6.725053768162261747e+01
-1.914825728441838919e+02
-1.771872930101323362e+01
1.979841167486677733e+01
6.974453135215229338e+01
-2.421629894552781082e+02
-3.990710337639203544e+02
-8.040541288493107785e+00
-1.054501024970998557e+01
1.735414506005289681e+01
1.652913351325284452e+02
2.854902809881047006e+02
7.080310339756495353e+01
2.101083394403481241e-01
5.593056544886668702e-01
5.180786022524754841e-01
3.178212256036649919e-02
9.979218403631302525e-01
3.977885391107509605e-01
5.186741803213591462e-01
2.405193126909253021e-01
5.944176508092190447e-01
1.498874870736732667e+01
1.160190395939760037e+02
2.015575387814232045e+02
1.307735880826251105e+02
4.015522453638541833e+01
-1.387722263499766200e+02
-1.412825566261107610e+02
-6.312450944846832002e+00
4.688893255227318235e+01
2.818146188274617270e+00
-1.906273433053255815e+02
-1.873562536958186797e+02
-4.355301305838695498e+02
-1.301910825139020460e+02
-1.905225805186706367e+01
1.437068807310133245e+01
1.190046525425885875e+02
-4.823703144085995120e+01
6.294532578079660823e+00
2.295295603189712041e-01
5.878323640277283157e-02
2.929170108282118656e-01
8.212038407911146365e-01
1.848966869696301307e-01
2.348152631778124277e-01
6.266033560414454584e-01
1.240319336643259662e-01
5.435399877485621589e-01
9.904957598769535965e-01
1.276044868618219965e+02
2.526488385482160766e+02
1.677912227177799878e+02
-6.237801543649862168e+01
-1.645313014955299593e+02
-5.030059739538805985e+01
2.732032747521841642e+01
6.204864518413429408e+01
3.362222102458287054e+01
3.541174998887348124e+01
-1.011282956547414500e+02
-5.087960410660229513e+02
-2.245268554177023930e+02
6.581573508946442530e+01
1.826233439822914306e+02
2.186452724348390575e+01
-2.015355467412605321e+02
-5.516906431655662857e+01
3.256110615129943486e-01
8.412932735036966481e-01
9.808327094886535313e-01
6.752669252257403887e-02
5.621582713556274591e-01
9.976824148877959653e-01
1.559791159978765052e-01
8.145958309598734237e-01
6.171208582947166343e-01
7.756868774525953469e-01
6.518247734842189800e+01
2.295784827123768252e+02
8.635175763312142294e+01
-2.485784563042897943e+01
-1.428531643130450561e+02
-1.622157705276365220e+02
-5.195147898471324766e+01
1.280620205762050148e+02
2.399870186967950190e+02
2.866750332695291945e+02
6.224952075936621299e+01
-2.837686711598302054e+02
-1.788587269900016850e+02
-9.011409143712604930e+01
9.177546597824240848e+01
-2.169391690654198612e+02
-3.195340175703524892e+02
-8.459612814056913521e+01
8.068621242231243107e-01
6.000398112376312820e-01
9.335979991000735723e-01
2.897816242064087389e-01
4.447027319302794268e-01
6.735325175856758939e-01
4.381202545518523284e-01
3.564829455426142824e-01
3.816714758633088511e-01
6.764627164020017291e-01
1.080334430900003184e+02
1.176448162012605536e+02
1.675599476953873079e+01
-1.977508401684897166e+01
3.268154687873740016e+01
4.356032232254563752e+01
-5.639018903523511028e+01
1.651759177314431781e+02
1.999519189248529756e+02
2.179443090806572627e+02
1.857652767073907683e+02
-1.210428396194881913e+02
-7.067769885939904384e+01
-1.498294701087634166e+02
-2.346617741528704357e+02
-3.100461615959710571e+02
-3.365474837891329116e+02
-1.952493059212511923e+02
7.296058186714291516e-01
4.030047401215166580e-01
8.463944210726787043e-01
9.507022749955127416e-01
9.603067550653437978e-01
4.725288183927646157e-01
9.507714549742873889e-02
4.310498155495420258e-01
1.240423387610076755e-01
8.974124072624672932e-01
1.073992103995262966e+02
3.528258220246019761e+01
-6.939532436645092162e+01
1.173179888399161008e+01
1.420540120292237134e+02
2.575927397543355646e+00
-7.945688422981542942e+01
8.035445532291002735e+01
-4.935032103982058826e-01
3.452440643857059968e+02
2.763222517097689774e+02
1.152718720443287914e+01
-2.166052425817203471e+02
-1.842927486112803876e+02
-3.647754357057477250e+02
-3.361655700171709782e+02
-2.623771273520651448e+02
-2.498109246402893007e+02
-2.772437979374286598e+01
9.720947035502630618e-01
9.181835457167567549e-01
6.422919551842934949e-01
7.448920463155187521e-01
7.811894282705879045e-01
7.431546442538267128e-01
8.814515795014049582e-01
9.799098360317792800e-01
4.659682643963314330e-01
3.970425139044317575e+01
5.387406337201444728e+01
-8.184454298977786380e+01
1.640516934703799734e+02
-7.225561139037218084e+01
-2.529115577314442476e+02
-2.623651420809377441e+02
2.115916751608623514e+01
2.233078472758225246e+02
4.845867738463771843e+02
3.189274417958940830e+02
6.983986905241486909e+00
-2.178734627958558576e+02
-3.334864586049820332e+02
-3.500252174888863124e+02
-3.507720953356207474e+02
-2.284819312751378675e+02
-2.522783318266445747e+02
-5.297408967772438615e+01
9.406908866209251485e-01
3.214405678300144009e-01
5.614858289935976687e-01
3.476466203250864195e-01
8.772039125114911018e-01
9.962892507358369620e-01
9.274995507980295928e-01
6.797810179016682275e-01
-2.388055562470395898e+01
-1.370265216166177140e+02
-1.741225443349414945e+02
-1.024917417393200338e+02
-1.779480795841558916e+02
-4.120013509969312508e+02
-3.429293643573515737e+02
-2.899317377891280216e+02
1.605177640806585089e+02
6.635877498044001186e+02
6.604240027103563762e+02
3.994208000208204794e+02
1.150762825306539838e+02
-1.858495854357518340e+02
-2.899023766842556142e+02
-3.586142088605046752e+02
-2.942968501668096337e+02
-2.507643864003336773e+02
-2.519125747084484885e+02
-8.160568687871221982e+01
4.524176338953185272e-01
3.816520479114156039e-01
1.377245948309583357e-01
1.410631086278564261e-01
3.480156238728441265e-01
9.092202929427628533e-01
9.223370774015290374e-01
3.261841041106650074e-01
-6.888095410881703629e+01
-2.317496380201276907e+02
-2.619218056684883891e+02
-1.674272449268088963e+02
-1.644702825499010146e+02
-4.131783055881527957e+02
-5.883939700624209763e+02
-1.958799431018195207e+02
3.630477342678113928e+02
8.304948118489209037e+02
7.015350724426948545e+02
4.323436110408662785e+02
-2.097393628533897214e+01
-2.099465234431457361e+02
-3.570979550533788256e+02
-3.064443439416681372e+02
-2.519208775192680321e+02
-2.085642564573509503e+02
-2.518323883495989151e+02
-8.179974570197505557e+01
2.101572487666426570e-01
4.536351425067630672e-01
2.803187806137734661e-01
7.321236036946376924e-02
8.168136514931063630e-01
3.309927712568594416e-02
3.722121590682422321e-01
6.156998310345734859e-01
-1.273972099869669847e+02
-2.513604473929064511e+02
-2.563265882816314161e+02
-2.898187901406913625e+02
-3.973320475629889756e+02
-5.125568489399222472e+02
-5.023897462403053851e+02
4.928964962513596504e+01
6.252137358056917265e+02
8.069710674591348152e+02
6.523400446108884125e+02
2.372813942230816906e+02
-2.011141742068778626e+02
-2.900750828298511124e+02
-4.343458149315947594e+02
-2.450038461161115606e+02
-2.519085746069126230e+02
-2.050706886639044626e+02
-2.516602625124464510e+02
-8.143716815739634285e+01
8.419932521786641644e-01
3.832461989406820146e-01
6.895038923721813484e-01
3.118099681375995358e-01
4.547936137932084844e-01
3.094598212649453117e-01
5.799279837058898268e-01
-4.879493794585555655e+00
-1.698559441680456246e+02
-2.639179035478952642e+02
-3.125041950968137598e+02
-4.167435075906305428e+02
-4.804392234795007539e+02
-5.297149710594736689e+02
-1.836400457474266261e+02
2.291423969818102648e+02
7.935262725858942758e+02
6.380246546586024579e+02
4.966457329016985227e+02
3.753479418454772087e+01
-4.234294225154082483e+02
-4.354583427392152544e+02
-3.043932547999740450e+02
-1.994988117895391895e+02
-2.268471512018939791e+02
-2.002988324400246256e+02
-1.505315475777320842e+02
-4.481160013189636970e+01
7.574820767993142301e-01
6.281402562280608004e-01
5.249028357818023016e-01
4.600195442424583891e-01
5.009354290959551204e-01
1.940956004001911372e-01
4.180060216398657769e-01
-2.453772853063009407e+01
-2.519566377518512752e+02
-3.121022516847548900e+02
-3.088820529791296394e+02
-4.571770492048538586e+02
-3.621392803732004495e+02
-4.134367298703921847e+02
-1.982151363454641739e+02
1.445852595358368546e+02
6.018951597423803150e+02
5.135300458949183167e+02
8.713838545423782023e+01
-1.233653229682092558e+02
-5.425398699499918393e+02
-4.763707803925934172e+02
-1.819292566036114067e+02
-1.609419021326265806e+02
-1.614705223232643334e+02
-1.257282081512908007e+02
-1.321082062692161685e+02
-8.407696926567369999e+00
1.176535768089090883e-01
5.440915590890301745e-01
5.223873811060795180e-01
8.325032769130001897e-01
1.840212155013071227e-01
5.756265855102975504e-01
2.489088071297210769e-01
-2.491628028082803681e+01
-2.521093363639252800e+02
-3.127900987689321255e+02
-2.997157018090803149e+02
-5.175046120182779532e+02
-3.238930501906749555e+02
-3.974849797992114304e+02
-4.626197511383931271e+01
1.352234540161664711e+02
7.446276133718430401e+02
4.000829152330134093e+02
-1.074977689068637261e+02
-1.858411559073280728e+02
-4.832785302404061554e+02
-1.860403078732761628e+02
-3.180298201039047257e+01
-1.227696278807657535e+02
-1.662304579371021873e+02
-1.607798176622100925e+02
-7.544987513507855681e+01
5.118155897645344510e-01
2.949507605649018815e-01
5.959398495669140372e-01
8.774783040570451886e-01
6.884038950566052639e-01
6.254141612637522663e-01
1.384891775130945302e-01
6.787266887777828606e-01
-4.350184736548206033e+00
-1.919006107754021286e+02
-3.077591904147245714e+02
-2.579142909715264409e+02
-4.418712724490462733e+02
-1.316980692608307777e+02
3.384019802601101468e+00
7.823196160411868050e+01
1.765466605992788516e+02
6.317343054180264517e+02
4.204666120191385517e+02
4.607772485004749541e+01
-1.322393446157506105e+02
-8.576630959908615637e+01
1.790048849808894147e+02
1.626965130327426152e+02
9.717023541562538469e+01
-8.117825661781777669e+00
-2.796948184374355861e+01
2.689346860084868140e+01
5.371395252985399082e+01
2.288369305094090755e+00
3.737813973177939175e-02
6.107846074975594730e-01
9.718010706147413025e-01
9.078945446902706440e-01
6.597669817695328565e-02
1.590350623571846755e-01
6.694585577417820899e-01
-1.670330913103002217e+02
-2.141441742772033194e+02
-2.523484978460793684e+02
-1.787352951853605418e+02
1.369911273992860004e+02
1.505178298084817641e+02
2.367271439349372599e+02
1.052300493000411450e+02
2.286517337329543409e+02
2.260782743881594286e+02
4.101453534112850186e+00
-6.597399868740453144e+00
1.269135310147344455e+02
2.489030120786176781e+02
1.588377849065281282e+02
2.000466868596724908e+02
3.888027248985524409e+01
4.246074588901917934e+01
1.260447270855347028e+02
1.269056345396489576e+02
3.015286306371612213e+01
7.498940139767767965e-01
7.218533922428043148e-01
3.423680313068875325e-01
1.424024249975102130e-01
2.093222204544167298e-01
2.057283749067696510e-01
4.014769793349686644e+00
-8.783946927571712138e+00
-7.433387096855308585e+01
-1.025267846023154164e+02
1.634050073868000368e+02
2.004352068671492475e+02
1.138480004967377965e+02
1.029475705767823399e+02
-3.961024468252705333e+01
7.510357977158144571e+00
7.781870140355970022e+01
-2.849616227390309930e+01
1.836819659416330524e+02
1.831715551226849357e+02
1.966674229699372347e+02
2.148842165927687802e+02
2.079918619296257418e+02
1.642173666457835566e+02
1.346529213038789692e+02
1.267327790628861806e+02
1.265585806948677430e+02
1.240029059452995597e+02
4.202495234616269171e-01
9.889135960502292155e-01
1.949788672912158294e-01
6.933959397727437191e-01
9.531284649231186457e-02
7.792871227685457258e-01
7.772561504984784619e+01
6.523236893672872405e+00
-1.569072403469481856e+02
3.609490799359513602e+01
1.521472419571750834e+02
1.363272171331805112e+02
-1.579814850754558790e+02
-2.555932374152865236e+02
-4.190544802202905430e+02
-2.964948342302816968e+02
-6.927731219909676952e+01
5.971787094252422889e+01
1.466666710283136581e+02
9.705694262652311011e+01
6.692741430059112417e+01
1.288701931930635283e+02
8.319850703253750623e+01
7.245313330391473983e+01
6.855450807169412997e+01
6.490969855550278567e+01
6.492609148242145523e+01
6.513042897359345318e+01
4.242496828199342485e-01
2.480441609616433896e-01
1.761657247389514236e-02
9.087983434334013788e-01
8.346802878978415441e-01
3.619552714716454123e-01
5.090786871367541977e+01
-4.496170221916499798e+01
-1.479791230282877450e+02
-1.223346564566076040e+02
2.177537327593971739e+01
1.963116563376542700e+01
-2.738713847794184630e+02
-3.377961343182059295e+02
-4.559052493653716738e+02
-2.695813424498018662e+02
-3.520221041575019427e+01
1.040517414822409705e+02
-3.775357268373741704e+01
-6.267996704391760687e+01
-5.802986039522129857e+01
3.156229895910755445e+01
9.652091811690878487e+00
2.003899357759900690e-01
4.360521222663147345e-01
4.037110841788608129e-01
3.237998174790766015e-01
7.130584980978715848e-01
3.979309736937218789e-01
4.267157159620721396e-01
5.505059027320996501e-01
4.691991679459897036e-01
3.547627125924400771e-01
6.106725859733165285e-01
-1.363524890709153858e+01
-1.266055510020861021e+02
-1.268642009387179002e+02
-1.362763502102885695e+02
-1.473627425510345574e+02
-5.349374026594979625e+01
-2.722509448425652678e+01
-1.353772245033663069e+02
-7.085912776524833134e+01
8.617757988263790025e+01
1.505218063360785834e+02
1.187105540277820950e+02
-9.264293642699987785e+00
1.207982086876987040e+02
2.010667791409863270e+01
9.338837661355795206e+01
1.001244374104867241e+01
8.146400480195044036e-01
8.150697757594045356e-01
2.582343752283737803e-01
5.991797696814651353e-01
6.545635967529939148e-01
7.910672123261822675e-01
1.450807607549364775e-02
9.636832845760994193e-01
7.079941526064315038e-02
2.317550819603613199e-01
6.920480974639569016e-01
1.956726012748538635e-01
8.411147186438767687e-01
9.172632142340542138e-02
8.497158468532299835e-01
-5.125240993514378118e+00
-3.705742485732134384e+01
-6.979673188057294908e+01
-8.186684682234000832e+01
-3.319316206856248641e+01
5.161595157442528148e+01
2.036624401279600818e+02
1.546904794875398181e+02
2.061384834568037405e+01
4.479107586833260823e-01
7.828857652072965800e-01
9.774272589139798573e-02
1.046668794680607473e-01
8.885583815999602564e-01
3.546212583129263463e-01
1.902771593143720574e-01
4.157852900109851868e-01
3.102583433014096670e-01
8.860768883889927894e-01
1.542391206772806278e-01
4.995604866432825641e-01
7.741942063879452274e-01
8.842097225736573751e-01
6.308491457644948008e-01
2.580275814649037880e-01
3.008209920236692980e-01
1.309463554807379637e-01
1.981551285816228747e-01
2.321540336566944029e-01
6.340607305210675948e-01
3.486935685719926292e-01
9.848764889362582320e-02
6.976309450060220740e-01
4.212559264795379121e-02
5.996314823461911248e-01
7.381499887693242501e-01
7.482407665914901918e-01
3.474898163965178810e-01
6.060873096943668603e-01
8.951046121251394760e-01
5.614861070690365663e-01
2.862131374373411141e-03
4.972095748942505500e-01
6.057165151383251400e-01
6.526537727152301738e-01
2.549802165925523223e-01
5.302996302554326968e-01
2.913599912625429722e-01
7.485473744336439417e-01
4.680354915761090195e-01
6.755489324938039886e-01
7.173498006233007818e-01
9.655118498112573722e-01
6.141705871889117097e-01
9.828994882626874707e-01
9.640548345823900522e-01
8.080513412857780464e-01
1.030171608669857575e-01
8.161095420043310567e-01
6.918822344189656803e-01
9.483294685635146326e-02
6.424902593234532722e-01
1.190046610285233619e-02
1.108417384276083606e-01
4.736619644983618427e-01
5.029593435704554638e-01
5.740345506926018970e-01
1.042686126323050244e-01
5.401413611383347746e-01
4.132483056210248806e-01
3.425447536415442418e-01
3.635946590541214718e-01
7.801216499256072856e-01
3.672291879552114224e-01
2.969425384167272419e-01
4.704949763030156218e-01
