7.236207729192729587e-01
3.025433813594557986e-02
9.864879562280840508e-01
3.015750454750296683e-01
1.512777632576385312e-01
7.438351387298508532e-01
2.766086069106505896e-01
8.279244240960550449e-01
3.348054678795887584e-01
6.207116536007912799e-01
9.429168903701951043e-01
6.425324688577938037e-02
7.227046021593681591e-01
5.601810706163021791e-01
8.064850417788063108e-01
5.387606262680660896e-01
2.148706057592280061e-01
5.040994568586529834e-01
8.275409792438562784e-01
2.994243435134436027e-02
6.047992828250335906e-01
8.846964809798418816e-02
1.244610349686993134e-01
5.855179094358154979e-01
8.285360866953460635e-01
1.571821780182169892e-01
2.668960580980294095e-01
2.619562217182489494e-01
2.680692449028122537e-01
1.769568643591199475e-01
4.337648334030262953e-01
1.920553679856038531e-01
2.848320727444083600e-01
8.336245655234065799e-01
7.657365323054911022e-01
2.314241738530464776e-01
4.384470002184190918e-01
3.974067731678339044e-01
5.433450416700578156e-01
3.615589114529360604e-02
7.642528494461728883e-01
3.719764754772620918e-01
4.327432349431462599e-01
2.656787855984991120e-01
7.482161642239215649e-01
-9.883186989542434853e-02
2.896411867834318143e-01
1.909682396840127749e-01
3.087819017952021516e-01
1.914994655699605586e-01
9.379329860301697241e-01
3.791841867676569722e-01
1.756226837509178296e-02
1.861811503242594146e-02
9.455500982875534310e-01
6.237278124353277109e-01
5.410587184005347661e-01
3.259659981751084068e-01
5.255175713170001650e-01
2.099471186138890388e-01
7.337724785492071300e-01
4.251424254159631433e-01
3.535581950756401248e-01
8.769927078457331326e-01
1.309632334183364888e-01
2.724545226113287422e-01
3.077253820218136537e-01
7.028234888313219519e-01
7.346786111695871035e-01
5.595456415164102859e-01
9.653200706622111493e-01
1.456027834314935765e-01
9.493210354138370555e-01
3.035707058829978378e-01
9.099745223197089894e-01
4.233003951371651086e-01
4.445926275630615043e-01
5.515266187205186688e-01
9.510801719343258132e-01
3.081426818140275969e-02
6.585927009991415781e-01
6.131980776567460545e-01
1.863486662500729585e-01
4.168887751027815503e-01
1.449633416016445908e-01
8.854256843782171149e-02
1.203505096746362302e-01
1.488486570144594845e-01
8.423768343564499439e-01
7.809981099561867923e-01
7.586622049344861063e-01
1.034033774322924426e-01
9.521569060359705849e-01
2.993468117162734199e-02
2.998316606821285757e-01
9.052794554566691021e-01
5.594160756574584337e-01
6.852067995738879702e-01
1.068526843332517462e+00
1.353084260421997254e+00
6.102380535314639864e-01
5.753598836874252997e-01
6.734250561786551126e-01
1.696798184842946144e-01
6.470083246862957660e-01
9.775802823431745114e-01
8.962264390699845595e-01
4.957290336912036910e-01
3.860017125103749891e-02
6.652062905159025208e-01
7.952308945289844333e-01
1.779750125209684786e-01
8.612096306447645233e-01
8.024898432031550843e-01
3.642596957064631047e-01
1.512363065164009646e-01
7.509395959905024176e-01
2.439273326512398365e-01
9.345304800061555728e-01
9.385384969814825062e-02
2.717898838108488979e-01
4.160395655892552558e-01
7.230304474083102395e-01
5.123195944474456809e-01
-1.352448407121750740e-01
3.209543801820727849e-01
1.978841933264514075e-01
1.606942572787573853e-01
-2.641230544814485159e-01
2.640335530466544345e-01
4.719690790262717761e-01
1.243423500841275509e+00
4.891616693448561093e-01
1.022800305972603185e+00
9.792396241995795503e-01
6.437162880733837689e-01
3.246878167337680643e-01
5.118732984615471659e-01
5.076180760462688513e-01
4.157445404359316754e-01
3.681467418163202332e-01
5.726534078659871740e-01
7.826955815389694537e-01
1.572756602920922786e-01
3.713983742815286648e-01
5.184436829343351816e-01
7.442004552792008676e-01
9.010862987773232691e-01
3.245293748862038696e-01
7.555596617104608503e-01
6.242901517778171039e-01
1.212005978762099034e-01
-2.620793489284298228e-01
2.254182945698411933e-01
1.084837027706459824e-02
-1.797330479684901006e+00
-1.761947018635931617e+00
-1.886759609852167507e+00
-1.190939444824434146e+00
2.220043661683564762e-01
7.392005573597426604e-01
1.929370811900692262e+00
1.137826159410123994e+00
1.590470633284910340e+00
2.090032957015532378e-01
4.438055084275324691e-01
9.490508413462597215e-01
5.555900678921166236e-02
4.138251535604207110e-01
8.875555160009334088e-01
1.208541410244088343e-01
4.441539966431081732e-01
4.736557397645362044e-02
8.713265344150761260e-01
2.237091534383409130e-02
4.514272646815808421e-01
1.420321489509304591e+00
1.259623256359229337e+00
4.078812588579988074e-01
-1.676388365863765717e-01
3.538050440584358802e-01
1.368722488030797990e-01
-6.609462115446954611e-01
-8.765384943607852364e-01
-1.586773874683773400e+00
-1.810672213324427737e+00
-1.644964181028809147e+00
8.492850855603220617e-02
2.278234262541371791e-01
1.844093410471741024e+00
1.573899564825993691e+00
1.424562645282566820e+00
6.959016227617822459e-01
3.497517451352734064e-01
9.712768263272630875e-02
8.822031814988035014e-01
9.789564961012340305e-01
6.689590979631785395e-01
9.034182942563576679e-01
7.351022917785980937e-01
8.806196160636715620e-01
1.173511666878730153e-01
4.749872624693517453e-01
1.368103817004616252e+00
8.968474399367847294e-01
1.912879179076940050e-01
3.966307170104895752e-01
9.675328636126934168e-02
6.925379732182349590e-01
5.068498705344013366e-01
-1.800507715294742406e-01
-7.670943803318178156e-02
1.295189822249994405e-01
-9.023046153006589742e-01
-1.484454991074062313e+00
-5.797463045656432445e-01
1.406264169021680388e-01
2.729600994869883501e-01
1.642553949459828466e+00
8.942631215543991319e-01
2.572005091859133064e-01
3.340141801824851320e-01
5.989957228369775510e-01
2.341523133937496448e-01
8.342175750987319560e-01
1.163643207219222653e-02
9.046876065703590708e-02
7.216974311368373751e-02
6.285619302048195411e-01
1.922415079581739628e-01
5.468129762622783163e-01
1.083264805902818262e+00
9.713936569585552849e-01
3.161633663067613398e-01
-4.265505138837895616e-01
9.498437993426125381e-01
6.910403979029600130e-02
-5.353381093499519627e-01
7.843656089469727699e-02
3.230931634156302551e-02
7.606896677854951827e-01
-9.230850028010281760e-02
-1.102544375593266235e+00
-8.753544042436349759e-01
-4.412474215870812455e-01
-3.323170582980230492e-01
-4.248073810278606977e-01
1.840262852280316053e-01
3.990575321478539994e-01
8.692663344748585708e-01
2.673684211217844942e-01
5.032233022803472844e-01
8.068288129568185196e-01
5.959083367452728819e-01
1.511682539589779550e-01
5.095237171111974828e-01
1.388507407244289338e-01
1.920029582717258099e-01
1.276904330490574446e-01
8.961357338122624139e-01
9.293964409544593908e-01
8.931772808505675787e-01
-3.526942582173797636e-02
9.073223331335087405e-01
2.198786084171698851e-01
-5.739401508321596568e-01
8.409288998837782803e-01
1.650696819899919454e+00
1.789995572208469277e+00
8.557905358549813268e-01
-9.132421340071907867e-01
-3.900797097780741574e-01
-4.028727367747797494e-01
-1.764119849617907243e-01
-1.307454762219320887e+00
-1.096489066838664650e+00
4.058752255496172467e-01
1.067053053791268968e-01
4.869175278429090925e-01
9.447032761197823314e-01
8.287293704445615194e-01
9.236536629316256519e-01
6.537487346451381631e-02
8.900685752709194265e-01
4.117161890631438892e-01
3.440408526680165113e-02
5.808469696122374737e-01
8.230338456629832100e-01
2.698311895079891776e-01
5.732617968965372096e-02
9.091934144141365637e-02
8.011183077104079286e-01
-3.671387596969939993e-01
-7.481788628799367347e-01
2.868011284094713620e-01
1.184760855876154206e+00
2.322301995635955407e+00
8.886611735282491376e-01
-4.037844085463377364e-01
-1.049695363061258213e+00
-7.515630309991669922e-01
-6.973507909427664186e-01
-1.328521086335050061e+00
-1.664671292824619231e+00
-1.047820023777538800e+00
-1.322769296177873227e-02
3.929118533958051440e-01
4.475839455088479468e-01
3.768757033291352254e-01
5.109779316339688737e-01
9.262050522578199052e-01
9.820017572051592536e-01
6.540758535702556609e-01
5.128639737068568794e-01
7.607676389519111293e-01
1.680582909280576021e-01
-8.639513054001421999e-01
-7.008686700033381900e-01
3.137279200305686522e-01
8.675793652923190213e-02
-6.799669822205445247e-01
-9.121841343824332871e-01
-1.204433513571342568e-01
1.150592761936702679e+00
2.251269810659709769e+00
6.513850417846680507e-01
1.800665167919007492e-01
-4.347403502745507409e-02
-7.861486030886768450e-01
-1.132715855369050395e+00
-6.729457027096902300e-01
-1.633425545422181546e+00
-1.498356850408811169e+00
-2.127647199756342311e-01
7.197016240794749109e-01
8.017667205293681487e-01
1.361936627712748704e-01
9.732997738557952472e-01
7.492016422321798874e-01
8.181194164946118397e-01
5.830974296079578512e-01
7.986156874861151111e-01
6.703400333332063532e-01
-2.354333592796844510e-01
-1.855155958041104503e-01
9.140400003695509090e-03
6.845023082448882246e-01
-8.097743186942482074e-01
-1.769669640664931487e+00
-1.680359763320377731e+00
1.173608739535858120e-01
1.566040187032908815e+00
1.870488703960341059e+00
1.848250046507193156e+00
1.614248760767294233e-01
-6.026892852151491953e-01
-8.516775082168586142e-01
-6.855184317900390178e-01
-1.137429605454723047e+00
-1.334876313234571343e+00
-1.367791704912386441e+00
2.331913975394024272e-02
4.608908700958297411e-02
8.950599958917646592e-01
9.364043569431333980e-01
6.657762104545656978e-01
3.587914998387837784e-01
8.512573073862419459e-01
7.931981429701411290e-01
3.143053770334909292e-01
-5.963081626281081515e-01
-1.671392874140499751e+00
-1.099548449158134877e+00
-5.761563039367191275e-01
-1.473985730062059130e+00
-1.781671673070395201e+00
-2.416078178518677788e+00
-8.264387599555924613e-01
1.872848276779996102e+00
2.900753695529799892e+00
2.440175413876019661e+00
1.893178526799843331e+00
-3.117009079710389985e-01
1.212352612061339541e-01
-1.137003440408780985e+00
-1.477368527660974928e+00
-6.403743712540564959e-01
-1.292174284961187247e+00
-1.476225295580560815e+00
4.362942752890121983e-02
7.093572803296425144e-01
2.091365653763325172e-01
2.838083343060601171e-01
3.466099612145460140e-01
8.258171779319333217e-01
2.003855320068981261e-01
1.693717042792534100e-01
9.894443288928515823e-02
-5.444218716326179042e-01
-1.864213798794376764e+00
-1.328101315103312530e+00
-6.008874362415289605e-01
-9.659383752918287991e-01
-2.006265399341892408e+00
-2.115307618832386272e+00
-7.097094532814997025e-01
2.141791985675081555e+00
3.384706006075161699e+00
2.649150901614978793e+00
1.663569949304693818e+00
2.508756144423777701e-01
-1.029652218557319143e+00
-9.002232195163805129e-01
-4.778933087681007663e-01
-8.218208922576532016e-01
-4.204213545429648091e-01
-1.667184021741326738e+00
-1.537498177030378887e-01
7.268562906781695920e-01
5.695942124393393868e-03
6.875767360193030253e-02
4.493377483465881284e-01
8.356474857260192124e-01
2.654040292332885409e-01
6.999823052872492513e-01
8.159181589571987692e-01
-1.512179385681761357e+00
-1.421251941906378269e+00
-1.492610704276787770e+00
-9.925553216210251106e-01
-1.828316593798060108e+00
-2.502806100859672700e+00
-1.388256445049869114e+00
8.239778560461760160e-01
2.850637896246077663e+00
3.129311018611807604e+00
2.380566509055078050e+00
9.341743689967373365e-01
-2.701521344726852680e-01
-4.018830387496788448e-01
-1.501896892152441598e+00
-1.107331747961775914e+00
-1.075655300821451554e+00
-5.421113120481444447e-01
-1.295301136592883040e+00
-7.152753958471936846e-01
8.618052362862160809e-01
6.759894903409635614e-01
8.414760421516724875e-01
5.657930532658064227e-01
9.227626919393121518e-01
9.124791893355010952e-01
6.583177866771692255e-01
2.398840925138401303e-02
-1.188927976945918230e+00
-1.663300281658513624e+00
-1.478090530962722582e+00
-1.580582233385883661e+00
-2.055080634555176200e+00
-1.750257835247743143e+00
-7.564535787481860840e-01
1.290758960488063822e+00
2.999209976433031777e+00
2.005021860957105773e+00
1.675326111646511018e+00
-6.232277742925062397e-02
-1.039265736496364001e+00
-1.188337670880700303e+00
-7.500327069521086631e-01
-7.323594354491594904e-01
-1.046410903064253439e+00
-1.153787948384061623e+00
-1.542143525551923799e+00
8.908073151568476900e-02
7.936737001117613599e-02
6.109526978506181205e-01
4.046751258209847490e-01
9.359329483756457790e-01
2.577007128961505966e-01
7.194684589867867963e-01
1.287379116007436597e-02
1.436065065399667606e-01
-1.432862875290657367e+00
-1.635294047626790981e+00
-1.019625893632336577e+00
-9.467592088067157130e-01
-1.072836814656308313e+00
-2.541881556481107030e+00
-1.088513083178496599e+00
5.865593633671623008e-01
1.709251273489763578e+00
1.346393283385512785e+00
7.534217503955799033e-01
-8.731425201563700056e-02
-2.061558081942659992e+00
-9.945474321966051301e-01
-6.754149664517972163e-01
-3.850674572203620638e-01
-1.339453338990619580e+00
-9.428376592473497464e-01
-5.084593319122845401e-01
2.130054040811800165e-01
8.378639264343297199e-01
3.264046676015838755e-01
5.499131137029085459e-02
1.183357370203096393e-01
3.483818785341441515e-02
1.583288500118431585e-01
1.502731996351382993e-01
-2.468066324414167345e-01
-8.385793373382700588e-01
-1.838991029815815637e+00
-8.632002378914472862e-01
-5.711695834697700924e-01
-1.361561923494213122e+00
-1.954477424127254004e+00
-1.191868950026586882e+00
3.248002836759617540e-01
1.461066765654740029e+00
1.563806191119964550e+00
1.877698986424375105e-01
-9.336906162917520957e-01
-2.248087404025712388e+00
-5.319511113129872237e-01
-1.447569462379718619e-01
1.167132648690078350e-01
-1.054139883812705181e+00
-1.028057567606776468e+00
-4.573503839272848315e-01
-1.543792478865244622e-01
4.968804778865520272e-02
5.510211555888085838e-02
6.495320586953831077e-01
1.214285029835509011e-01
2.804503961942736989e-01
3.261284211593884486e-01
8.730393788972361513e-01
8.262222755700707744e-01
-1.294204473425266233e+00
-5.729080896056660821e-01
-7.826133304603241081e-01
2.433236425132822844e-01
-1.024976824198468695e+00
-1.129419661302883515e+00
-1.291902199547970920e+00
-2.317772764494649973e-01
2.451071616986078450e+00
1.910816534984318249e+00
5.791112909780322671e-01
-5.624122052921041170e-01
-4.480336792690890468e-01
2.350623979894232440e-01
9.106445165754388782e-01
1.029485120649522356e+00
1.568725068738714146e-01
-1.466657700728985769e-01
5.816158025137082438e-02
8.532666177835297461e-01
6.572491998169943672e-01
3.980555123259924555e-01
1.487260152860596374e-01
6.350984355505175927e-01
9.584242980261787892e-01
1.470749282615180231e-01
6.826893168422235592e-01
3.600143875754015510e-01
-6.193192525077735322e-01
-6.566988799527716525e-01
-5.044807699476338003e-01
5.185579330612164473e-01
6.378554341525587423e-01
-7.850311660065479868e-01
-9.852748968674812646e-01
-1.348974644024920622e-01
9.755557561751149187e-01
4.587438705883734730e-02
3.859347103849271043e-01
1.026804393073643684e-01
6.261531294364337807e-02
8.164147086294281097e-01
1.138385968448748731e+00
4.832969159996826636e-01
8.759377987148456723e-01
-1.499478769385658716e-01
6.363967625390213323e-01
6.598422584578044203e-01
6.883830889847128987e-01
4.665450873305144741e-01
3.112097662485570071e-01
3.619467326674410401e-01
3.821041256112807094e-01
4.517659344050600767e-01
9.472388269288219975e-01
8.818350200004143602e-01
5.078534185673412304e-01
-6.129052983217366662e-02
3.926235782726327783e-01
1.408788246001236200e+00
2.042188942876809410e+00
9.202513150808531162e-01
-6.831721453816057277e-02
2.259629148704526969e-01
6.282826615755572434e-03
-6.793438435326553115e-01
-6.107256275916499444e-01
1.213189886437463783e-01
3.983936912985837631e-01
5.455064520254973015e-01
7.998067273032478663e-01
1.171150779766220174e+00
5.160585000644323239e-01
4.365909565485566746e-01
5.149872485899397168e-01
1.320825575047063438e+00
9.129362030973142694e-01
5.818863163540475281e-01
4.073497140247107628e-01
3.539192437765814603e-01
5.716574765230021393e-01
5.366160708712254257e-01
4.308916839735130733e-01
1.513669501847851206e+00
6.259755326105829187e-01
1.049606754395963293e+00
3.890789574742638535e-01
1.453819875788036509e+00
1.411572755681890001e+00
6.693003187936589216e-01
5.168304916912393535e-03
-1.713922509868728503e-02
-9.614719402900022693e-01
-2.047704672266050518e-01
-6.899759246329267848e-01
6.240772964856865501e-01
9.432980187031757557e-01
8.368053625764280135e-01
4.780613000906023258e-01
5.468096005889948596e-01
1.016129545092156361e+00
3.115173498060260782e-01
3.630386934741355875e-01
5.232024204614491580e-01
7.538226291293448345e-01
5.950002287976213777e-01
9.321744501719718690e-01
7.860432922451918714e-01
4.743461263208734735e-01
4.588530892187141497e-01
7.897643182078821766e-01
8.484520302587352791e-01
1.030457471494557797e+00
1.016799816612460883e-01
4.181282150652963492e-01
3.822956149738948040e-01
5.648040592279610639e-01
2.312281909869909891e-01
-4.134201524713312370e-01
-1.255282340291362875e+00
-1.386011692492021607e+00
-3.394627999448078803e-01
1.356590570153866304e+00
1.269648842338443995e+00
8.895081750101427875e-01
8.203672519526503115e-02
3.173176030450802765e-01
2.127174756117242160e-02
8.028706673035475028e-01
2.032436704339622979e-01
6.224304685747199528e-01
4.055195130860356212e-02
8.471732834225149666e-01
2.468304365113447307e-01
6.939009538900645646e-01
4.879335249032475952e-01
1.122067804276186687e-01
1.063481086879208837e-01
1.375233195558478450e-01
9.423456191937504833e-01
2.615483931888070712e-01
3.737914670676533713e-01
4.645174706221503746e-01
4.470472951896728997e-01
2.581212778893782755e-01
3.156291861478668914e-01
3.400048677325065438e-01
3.227573150154128823e-01
-4.820032763706104395e-02
2.622171541394214267e-01
1.922946430177573107e-01
6.783402076181088702e-01
4.631117348942487832e-01
7.957621525838940446e-01
8.890111123140709282e-01
4.501556234265184364e-01
6.185652474893096886e-02
3.500784959567533328e-01
5.606224687809111540e-01
6.263669799827430440e-01
7.667643649203572664e-01
9.986692444458525886e-01
7.322915509691604319e-01
1.873711842755523271e-01
8.737143252168033669e-01
1.943798476375931950e-01
7.309485598816133356e-01
5.517256488842665618e-01
2.822032949767688814e-01
5.177913920995880215e-02
8.484011948945072712e-01
5.154172385688228220e-01
6.779039425811937969e-01
6.921523529660945639e-01
3.140867059741717648e-01
3.300272027534916774e-01
8.365646394804382435e-01
9.266384846421708010e-01
9.167579957514375433e-02
7.334517954126863470e-01
1.692120410495482341e-01
8.610340168945999073e-01
3.369027581101450286e-01
4.792442933875807887e-01
2.227122628782088887e-01
9.930362092788087569e-01
3.452506652791238473e-01
4.546203661172640853e-01
7.263513792915528011e-01
9.096113307714136509e-01
3.163525539469321801e-01
5.976040987634645418e-01
1.293200769788549476e-01
4.580345422522237309e-01
9.599206000727633636e-02
2.466579163770963312e-01
3.445909210729072303e-01
5.907231985508355487e-01
9.629677132473463130e-01
9.766406667192115698e-01
7.977441752041769529e-02
3.000961310755931866e-01
4.174399758492146617e-01
3.390335217998852180e-01
6.056306415947865229e-01
3.008418472411480415e-01
7.823483850548336171e-01
5.136472883086117269e-01
3.843097713175710473e-01
6.557639836356921048e-02
8.698202356045513506e-01
8.477498338053939264e-01
7.475684339631509800e-01
7.041258179985312449e-01
3.606514236998928924e-01
1.909536718559274870e-01
4.982319814777785849e-01
3.677744299323550958e-01
6.057863209114628944e-01
9.559254696100781823e-01
4.956296717391548423e-01
2.072980569648986693e-01
8.472675214272347155e-01
8.498826009705071627e-01
6.820721439279479048e-01
7.012510530364799433e-01
3.316467782990666358e-01
1.790573451407906358e-01
1.498638017884557083e-01
7.225388508977511615e-01
5.779955157526606158e-02
8.413059070124132566e-01
4.680656374814280429e-01
5.312729907791684525e-01
3.244873487263433276e-02
5.714713272032145852e-01
5.698943474699867950e-01
9.003362676945366738e-01
8.077632768040136080e-01
5.972207203567766465e-01
3.531290849725441383e-01
6.025385291032293589e-01
3.427287748726625116e-01
5.662702280353190121e-01
9.002618403516561285e-01
9.750347958812310978e-01
6.910621142303210451e-01
